id,timestamp,referrer,referee
,,,
,,,
,,,
,,,
,,,
,,,
,,,
,,,
,,,
,,,
